{
  "advancedEditorSelectedIdentifier" : "ProjectBrowser",
  "openSceneRelativePaths" : [
    "Main\/Immersive.usda",
    "Secondary\/Secondary.usda"
  ],
  "recentIdentifiers" : {
    "66A8D06B-9B58-4D03-8103-C84622C19045" : [

    ],
    "AF09ED6F-1707-48FD-8720-65B998362C09" : [

    ]
  },
  "sceneCameraHistory" : {
    "66A8D06B-9B58-4D03-8103-C84622C19045" : [
      {
        "date" : 723159192.025358,
        "title" : "Untitled",
        "transform" : [
          0.99999994,
          0,
          0,
          0,
          0,
          0.8660254,
          -0.49999994,
          0,
          0,
          0.49999994,
          0.8660254,
          0,
          0.11617972,
          1.861477,
          1.621635,
          1
        ]
      },
      {
        "date" : 723159188.090216,
        "title" : "Untitled",
        "transform" : [
          0.99999994,
          0,
          0,
          0,
          0,
          0.8660254,
          -0.49999994,
          0,
          0,
          0.49999994,
          0.8660254,
          0,
          0.109778225,
          0.87506956,
          1.0929964,
          1
        ]
      },
      {
        "date" : 723159174.872727,
        "title" : "Untitled",
        "transform" : [
          0.99999994,
          0,
          0,
          0,
          0,
          0.8660254,
          -0.49999994,
          0,
          0,
          0.49999994,
          0.8660254,
          0,
          0.037910968,
          1.5377405,
          1.2837269,
          1
        ]
      },
      {
        "date" : 723159166.681577,
        "title" : "Untitled",
        "transform" : [
          0.99999994,
          0,
          0,
          0,
          0,
          0.8660254,
          -0.49999994,
          0,
          0,
          0.49999994,
          0.8660254,
          0,
          0.18204422,
          1.8824924,
          1.0846843,
          1
        ]
      },
      {
        "date" : 723159162.308135,
        "title" : "Untitled",
        "transform" : [
          0.99999994,
          0,
          0,
          0,
          0,
          0.8660254,
          -0.49999994,
          0,
          0,
          0.49999994,
          0.8660254,
          0,
          0.09612079,
          1.0288476,
          0.4142177,
          1
        ]
      },
      {
        "date" : 723159144.550172,
        "title" : "Untitled",
        "transform" : [
          0.99999994,
          0,
          -0,
          0,
          -0,
          0.8660254,
          -0.49999994,
          0,
          0,
          0.49999994,
          0.8660254,
          0,
          -5.9604645e-08,
          1.265904,
          0.27735305,
          1
        ]
      },
      {
        "date" : 723159060.257304,
        "title" : "Untitled",
        "transform" : [
          0.99999994,
          0,
          0,
          0,
          0,
          0.8660254,
          -0.49999994,
          0,
          0,
          0.49999994,
          0.8660254,
          0,
          0.21653092,
          0.52014136,
          0.6005119,
          1
        ]
      },
      {
        "date" : 723159045.011322,
        "title" : "Untitled",
        "transform" : [
          0.99999994,
          0,
          0,
          0,
          0,
          0.8660254,
          -0.49999994,
          0,
          0,
          0.49999994,
          0.8660254,
          0,
          0.22139433,
          0.3929492,
          0.5177053,
          1
        ]
      },
      {
        "date" : 723158797.415238,
        "title" : "Untitled",
        "transform" : [
          0.99999994,
          0,
          0,
          0,
          0,
          0.8660254,
          -0.49999994,
          0,
          0,
          0.49999994,
          0.8660254,
          0,
          0.035189383,
          0.2727181,
          0.3845656,
          1
        ]
      },
      {
        "date" : 723158791.982608,
        "title" : "Untitled",
        "transform" : [
          0.99999994,
          0,
          -0,
          0,
          -0,
          0.8660254,
          -0.49999994,
          0,
          0,
          0.49999994,
          0.8660254,
          0,
          1.1641532e-10,
          0.07545358,
          0.145924,
          1
        ]
      }
    ],
    "801D487E-88B3-42D8-8011-ADD4FC923A37" : [
      {
        "date" : 723249009.55988,
        "title" : "Untitled",
        "transform" : [
          0.9969819,
          0,
          -0.07763482,
          0,
          -0.038817406,
          0.8660254,
          -0.49849087,
          0,
          0.06723372,
          0.49999994,
          0.8634116,
          0,
          0.15019462,
          1.4768888,
          1.0917614,
          1
        ]
      },
      {
        "date" : 723249003.292377,
        "title" : "Untitled",
        "transform" : [
          0.99999994,
          0,
          0,
          0,
          0,
          0.8660254,
          -0.49999994,
          0,
          0,
          0.49999994,
          0.8660254,
          0,
          -0.57733095,
          1.0234615,
          0.63951933,
          1
        ]
      },
      {
        "date" : 723248997.227373,
        "title" : "Untitled",
        "transform" : [
          0.99999994,
          0,
          0,
          0,
          0,
          0.8660254,
          -0.49999994,
          0,
          0,
          0.49999994,
          0.8660254,
          0,
          0.7537563,
          0.24416661,
          1.0894456,
          1
        ]
      },
      {
        "date" : 723248984.511446,
        "title" : "Untitled",
        "transform" : [
          0.99999994,
          0,
          0,
          0,
          0,
          0.8660254,
          -0.49999994,
          0,
          0,
          0.49999994,
          0.8660254,
          0,
          -1.8924531e-08,
          1.0283401,
          0.6367026,
          1
        ]
      },
      {
        "date" : 723076012.666435,
        "title" : "Untitled",
        "transform" : [
          0.99999994,
          0,
          -0,
          0,
          -0,
          0.8660254,
          -0.49999994,
          0,
          0,
          0.49999994,
          0.8660254,
          0,
          -1.667569e-08,
          0.9061403,
          0.56104195,
          1
        ]
      },
      {
        "date" : 723075972.893527,
        "title" : "Untitled",
        "transform" : [
          0.99999994,
          0,
          0,
          0,
          0,
          0.8660254,
          -0.49999994,
          0,
          0,
          0.49999994,
          0.8660254,
          0,
          -1.667569e-08,
          0.096501805,
          0.18663037,
          1
        ]
      },
      {
        "date" : 723075884.125072,
        "title" : "Untitled",
        "transform" : [
          0.99999994,
          0,
          -0,
          0,
          -0,
          0.8660254,
          -0.49999994,
          0,
          0,
          0.49999994,
          0.8660254,
          0,
          -1.3038516e-08,
          0.075453565,
          0.14592397,
          1
        ]
      },
      {
        "date" : 723075842.041369,
        "title" : "Untitled",
        "transform" : [
          0.99999994,
          0,
          0,
          0,
          0,
          0.8660254,
          -0.49999994,
          0,
          0,
          0.49999994,
          0.8660254,
          0,
          0.016936272,
          0.25515357,
          0.4819075,
          1
        ]
      },
      {
        "date" : 723075840.452823,
        "title" : "Untitled",
        "transform" : [
          0.99999994,
          0,
          0,
          0,
          0,
          0.8660254,
          -0.49999994,
          0,
          0,
          0.49999994,
          0.8660254,
          0,
          0.016936272,
          0.14397357,
          0.28933805,
          1
        ]
      },
      {
        "date" : 723075835.211764,
        "title" : "Untitled",
        "transform" : [
          0.99999994,
          0,
          -0,
          0,
          -0,
          0.8660254,
          -0.49999994,
          0,
          0,
          0.49999994,
          0.8660254,
          0,
          0,
          0.16128044,
          0.27934596,
          1
        ]
      }
    ],
    "07039D03-7E26-4A4D-A87C-B03E5B5BAB72" : [
      {
        "date" : 723076021.230911,
        "title" : "Untitled",
        "transform" : [
          1,
          0,
          -0,
          0,
          -0,
          0.8660253,
          -0.50000006,
          0,
          0,
          0.50000006,
          0.8660253,
          0,
          0,
          0.24192078,
          0.4190191,
          1
        ]
      }
    ],
    "AF09ED6F-1707-48FD-8720-65B998362C09" : [
      {
        "date" : 723075020.917675,
        "title" : "Untitled",
        "transform" : [
          1,
          0,
          0,
          0,
          0,
          0.7071069,
          -0.7071067,
          0,
          0,
          0.7071067,
          0.7071069,
          0,
          0.54075724,
          1.3622943,
          0.7633262,
          1
        ]
      },
      {
        "date" : 723075000.705316,
        "title" : "Untitled",
        "transform" : [
          1,
          0,
          0,
          0,
          0,
          0.7071069,
          -0.7071067,
          0,
          0,
          0.7071067,
          0.7071069,
          0,
          0.37055558,
          0.9335163,
          0.20832467,
          1
        ]
      },
      {
        "date" : 723074993.929012,
        "title" : "Untitled",
        "transform" : [
          1,
          0,
          0,
          0,
          0,
          0.7071069,
          -0.7071067,
          0,
          0,
          0.7071067,
          0.7071069,
          0,
          0.34154993,
          0.7850135,
          0.3568275,
          1
        ]
      },
      {
        "date" : 723074191.302399,
        "title" : "Untitled",
        "transform" : [
          1,
          0,
          0,
          0,
          0,
          0.7071069,
          -0.7071067,
          0,
          0,
          0.7071067,
          0.7071069,
          0,
          0.35475248,
          0.78706235,
          0.3547784,
          1
        ]
      },
      {
        "date" : 723074183.975527,
        "title" : "Untitled",
        "transform" : [
          1,
          0,
          0,
          0,
          0,
          0.7071069,
          -0.7071067,
          0,
          0,
          0.7071067,
          0.7071069,
          0,
          0.28351578,
          1.44601,
          0.67919564,
          1
        ]
      },
      {
        "date" : 723074124.957871,
        "title" : "Untitled",
        "transform" : [
          1,
          0,
          0,
          0,
          0,
          0.7071069,
          -0.7071067,
          0,
          0,
          0.7071067,
          0.7071069,
          0,
          0.31833914,
          1.6342475,
          0.4909581,
          1
        ]
      },
      {
        "date" : 723074119.434676,
        "title" : "Untitled",
        "transform" : [
          1,
          0,
          0,
          0,
          0,
          0.7071069,
          -0.7071067,
          0,
          0,
          0.7071067,
          0.7071069,
          0,
          0.39780736,
          2.042211,
          0.8631518,
          1
        ]
      },
      {
        "date" : 723074116.553443,
        "title" : "Untitled",
        "transform" : [
          1,
          0,
          0,
          0,
          0,
          0.7071069,
          -0.7071067,
          0,
          0,
          0.7071067,
          0.7071069,
          0,
          0.5852046,
          0.93648994,
          0.5276431,
          1
        ]
      },
      {
        "date" : 723074065.550372,
        "title" : "Untitled",
        "transform" : [
          1,
          0,
          0,
          0,
          0,
          0.7071069,
          -0.7071067,
          0,
          0,
          0.7071067,
          0.7071069,
          0,
          0.12342741,
          1.1758317,
          0.28830123,
          1
        ]
      },
      {
        "date" : 723073984.421664,
        "title" : "Untitled",
        "transform" : [
          1,
          0,
          -0,
          0,
          -0,
          0.7071069,
          -0.7071067,
          0,
          0,
          0.7071067,
          0.7071069,
          0,
          -1.1920929e-07,
          1.2918031,
          0.17232966,
          1
        ]
      }
    ],
    "F4B889C2-3775-4482-A774-74BE3CD4A97C" : [
      {
        "date" : 723075871.974958,
        "title" : "Untitled",
        "transform" : [
          0.98995465,
          0,
          0.14138563,
          0,
          0.07069283,
          0.8660253,
          -0.49497738,
          0,
          -0.12244354,
          0.50000006,
          0.8573258,
          0,
          -0.044563726,
          0.9175045,
          1.1686976,
          1
        ]
      },
      {
        "date" : 723075868.571892,
        "title" : "Untitled",
        "transform" : [
          0.98995465,
          0,
          0.14138563,
          0,
          0.07069283,
          0.8660253,
          -0.49497738,
          0,
          -0.12244354,
          0.50000006,
          0.8573258,
          0,
          -0.06373359,
          0.7715532,
          1.2510802,
          1
        ]
      },
      {
        "date" : 723075866.959137,
        "title" : "Untitled",
        "transform" : [
          0.99993867,
          0,
          0.011077655,
          0,
          0.0055388277,
          0.8660253,
          -0.4999694,
          0,
          -0.00959353,
          0.50000006,
          0.8659722,
          0,
          0.0993386,
          0.7667202,
          1.2408856,
          1
        ]
      },
      {
        "date" : 723075827.382991,
        "title" : "Untitled",
        "transform" : [
          1,
          0,
          0,
          0,
          0,
          0.8660253,
          -0.50000006,
          0,
          0,
          0.50000006,
          0.8660253,
          0,
          0.037551746,
          0.25461656,
          0.41168922,
          1
        ]
      },
      {
        "date" : 723075824.621768,
        "title" : "Untitled",
        "transform" : [
          1,
          0,
          -0,
          0,
          -0,
          0.8660253,
          -0.50000006,
          0,
          0,
          0.50000006,
          0.8660253,
          0,
          0,
          0.24192078,
          0.4190191,
          1
        ]
      }
    ]
  },
  "selectedSceneRelativePath" : "Main\/Immersive.usda"
}